﻿interaction,POS,MRAS,PP1C,order,add,rel_add_normneg40,rel_order_norm_neg300,MUT,Energy,Type,Dist,bond
SHOC2-MRAS,104 ,80 ,,1,-0.01,-0.025,-0.005,WT,-0.01,D,4.17,Arg104 -Gln80 
SHOC2-MRAS,104 ,83 ,,2,0.11,0.3,0.055,WT,0.12,D,4.13,Arg104 -Arg83 
SHOC2-MRAS,106 ,80 ,,3,-1.1,-3.025,-0.55,WT,-1.21,DH,3.78,Asp106 -Gln80 
SHOC2-MRAS,106 ,84 ,,4,-1.5,-1,-0.75,WT,-0.4,D,3.51,Asp106 -Thr84 
SHOC2-MRAS,109 ,64 ,,5,-25.23,-59.325,-12.615,WT,-23.73,DIH,3.47,Lys109 -Asp64 
SHOC2-MRAS,109 ,49 ,,6,-26.54,-3.275,-13.27,WT,-1.31,DH,4.07,Lys109 -Ser49 
SHOC2-MRAS,127 ,83 ,,7,-26.54,0,-13.27,WT,0,D,4.47,Glu127 -Arg83 
SHOC2-MRAS,129 ,77 ,,8,-27.89,-3.375,-13.945,WT,-1.35,D,3.99,Tyr129 -Met77 
SHOC2-MRAS,129 ,80 ,,9,-27.19,1.75,-13.595,WT,0.7,D,3.98,Tyr129 -Gln80 
SHOC2-MRAS,131 ,77 ,,10,-28.46,-3.175,-14.23,WT,-1.27,D,3.77,Tyr131 -Met77 
SHOC2-MRAS,131 ,84 ,,11,-28.88,-1.05,-14.44,WT,-0.42,D,4.2,Tyr131 -Thr84 
SHOC2-MRAS,131 ,80 ,,12,-28.61,0.675,-14.305,WT,0.27,D,3.95,Tyr131 -Gln80 
SHOC2-MRAS,131 ,81 ,,13,-27.86,1.875,-13.93,WT,0.75,D,4.16,Tyr131 -Tyr81 
SHOC2-MRAS,152 ,77 ,,14,-29.14,-3.2,-14.57,WT,-1.28,D,3.57,Ala152 -Met77 
SHOC2-MRAS,154 ,81 ,,15,-29.13,0.025,-14.565,WT,0.01,D,4.1,Ser154 -Tyr81 
SHOC2-MRAS,173 ,76 ,,16,-29.82,-1.725,-14.91,WT,-0.69,D,3.99,Met173 -Ala76 
SHOC2-MRAS,173 ,77 ,,17,-30.41,-1.475,-15.205,WT,-0.59,D,3.94,Met173 -Met77 
SHOC2-MRAS,175 ,81 ,,18,-30.41,0,-15.205,WT,0,D,4.09,Asp175 -Tyr81 
SHOC2-MRAS,175 ,77 ,,19,-30.34,0.175,-15.17,WT,0.07,D,4.27,Asp175 -Met77 
SHOC2-MRAS,177 ,47 ,,20,-57.73,-68.475,-28.865,WT,-27.39,DIH,3.69,Arg177 -Glu47 
SHOC2-MRAS,177 ,46 ,,21,-58.73,-2.5,-29.365,WT,-1,D,4.24,Arg177 -Ile46 
SHOC2-MRAS,177 ,81 ,,22,-58.81,-0.2,-29.405,WT,-0.08,D,3.9,Arg177 -Tyr81 
SHOC2-MRAS,198 ,46 ,,23,-62.79,-9.95,-31.395,WT,-3.98,DA,4.12,Tyr198 -Ile46 
SHOC2-MRAS,198 ,74 ,,24,-63.1,-0.775,-31.55,WT,-0.31,D,3.86,Tyr198 -Phe74 
SHOC2-MRAS,198 ,73 ,,25,-63.1,0,-31.55,WT,0,D,4.2,Tyr198 -Glu73 
SHOC2-MRAS,198 ,76 ,,26,-62.76,0.85,-31.38,WT,0.34,D,4.11,Tyr198 -Ala76 
SHOC2-MRAS,200 ,46 ,,27,-65.2,-6.1,-32.6,WT,-2.44,D,4.03,Arg200 -Ile46 
SHOC2-MRAS,200 ,74 ,,28,-65.67,-1.175,-32.835,WT,-0.47,D,4.14,Arg200 -Phe74 
SHOC2-MRAS,200 ,44 ,,29,-65.67,0,-32.835,WT,0,D,4.21,Arg200 -Pro44 
SHOC2-MRAS,219 ,74 ,,30,-67.01,-3.35,-33.505,WT,-1.34,D,3.88,Met219 -Phe74 
SHOC2-MRAS,219 ,73 ,,31,-67.2,-0.475,-33.6,WT,-0.19,D,4.2,Met219 -Glu73 
SHOC2-MRAS,223 ,43 ,,32,-103.53,-90.825,-51.765,WT,-36.33,DIH,3.28,Arg223 -Asp43 
SHOC2-MRAS,241 ,73 ,,33,-104.09,-1.4,-52.045,WT,-0.56,D,4.23,Ile241 -Glu73 
SHOC2-MRAS,242 ,74 ,,34,-105.02,-2.325,-52.51,WT,-0.93,D,4.1,Thr242 -Phe74 
SHOC2-MRAS,242 ,73 ,,35,-105,0.05,-52.5,WT,0.02,D,4.44,Thr242 -Glu73 
SHOC2-MRAS,264 ,73 ,,36,-105,0,-52.5,WT,0,D,4.49,Thr264 -Glu73 
SHOC2-MRAS,265 ,74 ,,37,-106.23,-3.075,-53.115,WT,-1.23,D,3.64,Asn265 -Phe74 
SHOC2-MRAS,267 ,43 ,,38,-106.21,0.05,-53.105,WT,0.02,D,4.16,Asp267 -Asp43 
SHOC2-MRAS,269 ,43 ,,39,-106.41,-0.5,-53.205,WT,-0.2,D,4.29,Gln269 -Asp43 
SHOC2-MRAS,288 ,42 ,,40,-110.42,-10.025,-55.21,WT,-4.01,DH,3.91,Arg288 -Tyr42 
SHOC2-MRAS,288 ,43 ,,41,-110.13,0.725,-55.065,WT,0.29,D,4.4,Arg288 -Asp43 
SHOC2-MRAS,288 ,44 ,,42,-109.08,2.625,-54.54,WT,1.05,D,4.23,Arg288 -Pro44 
SHOC2-MRAS,292 ,41 ,,43,-129.11,-50.075,-64.555,WT,-20.03,DIH,3.69,Arg292 -Asp41 
SHOC2-MRAS,313 ,41 ,,44,-129.11,0,-64.555,WT,0,D,4.24,Asn313 -Asp41 
SHOC2-MRAS,358 ,133 ,,45,-129.91,-2,-64.955,WT,-0.8,D,4.24,Tyr358 -Leu133 
SHOC2-MRAS,383 ,158 ,,46,-129.81,0.25,-64.905,WT,0.1,D,4.46,Lys383 -Lys158 
SHOC2-MRAS,405 ,132 ,,47,-130.6,-1.975,-65.3,WT,-0.79,D,4.09,Val405 -His132 
SHOC2-MRAS,406 ,158 ,,48,-133.7,-7.75,-66.85,WT,-3.1,DI,3.85,Glu406 -Lys158 
SHOC2-MRAS,428 ,132 ,,49,-136.32,-6.55,-68.16,WT,-2.62,DH,3.64,Glu428 -His132 
SHOC2-PP1C,64 ,,243 ,1,-1.09,-2.725,-0.545,WT,-1.09,D,4.22,Val64 -Leu243 
SHOC2-PP1C,64 ,,242 ,2,-1.93,-2.1,-0.965,WT,-0.84,D,3.98,Val64 -Asp242 
SHOC2-PP1C,64 ,,289 ,3,-2.61,-1.7,-1.305,WT,-0.68,D,3.98,Val64 -Leu289 
SHOC2-PP1C,64 ,,169 ,4,-3.19,-1.45,-1.595,WT,-0.58,D,4.12,Val64 -Ile169 
SHOC2-PP1C,64 ,,291 ,5,-3.71,-1.3,-1.855,WT,-0.52,D,4.35,Val64 -Cys291 
SHOC2-PP1C,64 ,,168 ,6,-4.17,-1.15,-2.085,WT,-0.46,D,4.3,Val64 -Lys168 
SHOC2-PP1C,65 ,,289 ,7,-8.01,-9.6,-4.005,WT,-3.84,DH,3.66,Ala65 -Leu289 
SHOC2-PP1C,65 ,,291 ,8,-11.78,-9.425,-5.89,WT,-3.77,DH,3.77,Ala65 -Cys291 
SHOC2-PP1C,65 ,,290 ,9,-13.24,-3.65,-6.62,WT,-1.46,D,4.02,Ala65 -Met290 
SHOC2-PP1C,66 ,,257 ,10,-16.02,-6.95,-8.01,WT,-2.78,D,3.97,Phe66 -Phe257 
SHOC2-PP1C,66 ,,261 ,11,-18.58,-6.4,-9.29,WT,-2.56,D,4.02,Phe66 -Arg261 
SHOC2-PP1C,66 ,,291 ,12,-21.07,-6.225,-10.535,WT,-2.49,DH,4.04,Phe66 -Cys291 
SHOC2-PP1C,66 ,,243 ,13,-23.44,-5.925,-11.72,WT,-2.37,D,4.04,Phe66 -Leu243 
SHOC2-PP1C,66 ,,293 ,14,-25.19,-4.375,-12.595,WT,-1.75,D,4.13,Phe66 -Phe293 
SHOC2-PP1C,66 ,,290 ,15,-25.45,-0.65,-12.725,WT,-0.26,D,4.2,Phe66 -Met290 
SHOC2-PP1C,67 ,,291 ,16,-29.87,-11.05,-14.935,WT,-4.42,DH,3.94,Ser67 -Cys291 
SHOC2-PP1C,67 ,,290 ,17,-31.35,-3.7,-15.675,WT,-1.48,DH,4.08,Ser67 -Met290 
SHOC2-PP1C,67 ,,292 ,18,-31.36,-0.025,-15.68,WT,-0.01,D,4.31,Ser67 -Ser292 
SHOC2-PP1C,68 ,,293 ,19,-32.93,-3.925,-16.465,WT,-1.57,D,3.66,Val68 -Phe293 
SHOC2-PP1C,68 ,,257 ,20,-33.63,-1.75,-16.815,WT,-0.7,D,4.45,Val68 -Phe257 
SHOC2-PP1C,68 ,,255 ,21,-33.8,-0.425,-16.9,WT,-0.17,D,4.29,Val68 -Tyr255 
SHOC2-PP1C,72 ,,290 ,22,-36.07,-5.675,-18.035,WT,-2.27,D,4.22,Ile72 -Met290 
SHOC2-PP1C,73 ,,261 ,23,-35.77,0.75,-17.885,WT,0.3,D,4.04,Lys73 -Arg261 
SHOC2-PP1C,74 ,,261 ,24,-35.8,-0.075,-17.9,WT,-0.03,D,4.19,Arg74 -Arg261 
SHOC2-PP1C,74 ,,260 ,25,-35.76,0.1,-17.88,WT,0.04,D,3.98,Arg74 -Lys260 
SHOC2-PP1C,75 ,,242 ,26,-36.18,-1.05,-18.09,WT,-0.42,D,3.68,Pro75 -Asp242 
SHOC2-PP1C,75 ,,261 ,27,-36.39,-0.525,-18.195,WT,-0.21,D,3.95,Pro75 -Arg261 
SHOC2-PP1C,75 ,,260 ,28,-36.54,-0.375,-18.27,WT,-0.15,D,3.9,Pro75 -Lys260 
SHOC2-PP1C,75 ,,262 ,29,-35.08,3.65,-17.54,WT,1.46,D,4.1,Pro75 -Gln262 
SHOC2-PP1C,76 ,,260 ,30,-35.55,-1.175,-17.775,WT,-0.47,D,4.08,Asn76 -Lys260 
SHOC2-PP1C,76 ,,262 ,31,-35.91,-0.9,-17.955,WT,-0.36,D,4.29,Asn76 -Gln262 
SHOC2-PP1C,77 ,,262 ,32,-36.05,-0.35,-18.025,WT,-0.14,D,3.98,Pro77 -Gln262 
SHOC2-PP1C,134 ,,238 ,33,-36.16,-0.275,-18.08,WT,-0.11,D,3.78,Lys134 -Lys238 
SHOC2-PP1C,134 ,,239 ,34,-35.8,0.9,-17.9,WT,0.36,D,3.94,Lys134 -His239 
SHOC2-PP1C,136 ,,240 ,35,-35.81,-0.025,-17.905,WT,-0.01,D,3.87,Gln136 -Asp240 
SHOC2-PP1C,155 ,,188 ,36,-61.11,-63.25,-30.555,WT,-25.3,DIH,3.29,Glu155 -Arg188 
SHOC2-PP1C,155 ,,184 ,37,-62.74,-4.075,-31.37,WT,-1.63,D,4.16,Glu155 -Glu184 
SHOC2-PP1C,178 ,,187 ,38,-66.25,-8.775,-33.125,WT,-3.51,DH,3.8,His178 -Arg187 
SHOC2-PP1C,178 ,,184 ,39,-68.63,-5.95,-34.315,WT,-2.38,D,4.09,His178 -Glu184 
SHOC2-PP1C,178 ,,188 ,40,-68.35,0.7,-34.175,WT,0.28,D,4.26,His178 -Arg188 
SHOC2-PP1C,180 ,,167 ,41,-85.92,-43.925,-42.96,WT,-17.57,DIH,3.62,Lys180 -Glu167 
SHOC2-PP1C,182 ,,56 ,42,-114.12,-70.5,-57.06,WT,-28.2,DIH,3.44,Arg182 -Glu56 
SHOC2-PP1C,201 ,,187 ,43,-116.08,-4.9,-58.04,WT,-1.96,DA,4.26,Phe201 -Arg187 
SHOC2-PP1C,203 ,,167 ,44,-148,-79.8,-74,WT,-31.92,DIH,3.41,Arg203 -Glu167 
SHOC2-PP1C,203 ,,54 ,45,-174.93,-67.325,-87.465,WT,-26.93,DIH,3.56,Arg203 -Glu54 
SHOC2-PP1C,249 ,,116 ,46,-174.94,-0.025,-87.47,WT,-0.01,D,3.85,Gln249 -Glu116 
SHOC2-PP1C,270 ,,47 ,47,-174.4,1.35,-87.2,WT,0.54,D,4.03,His270 -Leu47 
SHOC2-PP1C,293 ,,47 ,48,-175.85,-3.625,-87.925,WT,-1.45,D,3.97,Tyr293 -Leu47 
SHOC2-PP1C,293 ,,43 ,49,-176.54,-1.725,-88.27,WT,-0.69,DH,3.48,Tyr293 -Arg43 
SHOC2-PP1C,316 ,,44 ,50,-182.54,-15,-91.27,WT,-6,DH,3.74,Asn316 -Glu44 
SHOC2-PP1C,340 ,,154 ,51,-184.55,-5.025,-92.275,WT,-2.01,IH,3.64,Arg340 -Asp154 
SHOC2-PP1C,340 ,,40 ,52,-184.98,-1.075,-92.49,WT,-0.43,D,4.05,Arg340 -Leu40 
SHOC2-PP1C,340 ,,43 ,53,-185.26,-0.7,-92.63,WT,-0.28,D,4.28,Arg340 -Arg43 
SHOC2-PP1C,388 ,,36 ,54,-201.31,-40.125,-100.655,WT,-16.05,DIH,3.56,Asp388 -Arg36 
SHOC2-PP1C,388 ,,147 ,55,-205.54,-10.575,-102.77,WT,-4.23,DIH,3.47,Asp388 -Lys147 
SHOC2-PP1C,411 ,,147 ,56,-203,6.35,-101.5,WT,2.54,D,3.93,Thr411 -Lys147 
SHOC2-PP1C,434 ,,150 ,57,-204.15,-2.875,-102.075,WT,-1.15,DH,3.83,Asn434 -Lys150 
SHOC2-PP1C,456 ,,150 ,58,-220.35,-40.5,-110.175,WT,-16.2,DIH,3.45,Glu456 -Lys150 
SHOC2-PP1C,457 ,,150 ,59,-223.42,-7.675,-111.71,WT,-3.07,IH,3.62,Glu457 -Lys150 
SHOC2-PP1C,457 ,,146 ,60,-224.47,-2.625,-112.235,WT,-1.05,D,3.96,Glu457 -Ile146 
SHOC2-PP1C,503 ,,141 ,61,-238,-33.825,-119,WT,-13.53,DIH,3.57,Glu503 -Lys141 
SHOC2-PP1C,503 ,,137 ,62,-238,0,-119,WT,0,D,3.83,Glu503 -Tyr137 
MRAS-PP1C,,5 ,225 ,1,-1.27,-3.175,-0.635,WT,-1.27,D,3.73,Ala5 -Phe225 
MRAS-PP1C,,5 ,218 ,2,-1.08,0.475,-0.54,WT,0.19,D,4.22,Ala5 -Glu218 
MRAS-PP1C,,6 ,216 ,3,-2.96,-4.7,-1.48,WT,-1.88,D,4.09,Val6 -Trp216 
MRAS-PP1C,,6 ,225 ,4,-4.7,-4.35,-2.35,WT,-1.74,D,4.01,Val6 -Phe225 
MRAS-PP1C,,6 ,217 ,5,-6.35,-4.125,-3.175,WT,-1.65,D,3.79,Val6 -Gly217 
MRAS-PP1C,,6 ,218 ,6,-6.58,-0.575,-3.29,WT,-0.23,D,4.04,Val6 -Glu218 
MRAS-PP1C,,7 ,178 ,7,-6.08,1.25,-3.04,WT,0.5,D,4.17,Pro7 -Pro178 
MRAS-PP1C,,31 ,190 ,8,-7.39,-3.275,-3.695,WT,-1.31,D,4.2,Ile31 -Met190 
MRAS-PP1C,,35 ,190 ,9,-15.58,-20.475,-7.79,WT,-8.19,DH,3.84,Gln35 -Met190 
MRAS-PP1C,,35 ,189 ,10,-17.42,-4.6,-8.71,WT,-1.84,D,4.05,Gln35 -Ile189 
MRAS-PP1C,,35 ,193 ,11,-18.38,-2.4,-9.19,WT,-0.96,DH,3.66,Gln35 -Thr193 
MRAS-PP1C,,35 ,196 ,12,-18.41,-0.075,-9.205,WT,-0.03,D,4.14,Gln35 -Pro196 
MRAS-PP1C,,35 ,188 ,13,-18.4,0.025,-9.2,WT,0.01,D,4.38,Gln35 -Arg188 
MRAS-PP1C,,36 ,198 ,14,-25.45,-17.625,-12.725,WT,-7.05,DH,3.94,Lys36 -Gln198 
MRAS-PP1C,,36 ,197 ,15,-25.85,-1,-12.925,WT,-0.4,D,3.89,Lys36 -Asp197 
MRAS-PP1C,,36 ,196 ,16,-25.23,1.55,-12.615,WT,0.62,D,4.17,Lys36 -Pro196 
MRAS-PP1C,,37 ,193 ,17,-26.79,-3.9,-13.395,WT,-1.56,D,4.05,Ile37 -Thr193 
MRAS-PP1C,,37 ,190 ,18,-27.28,-1.225,-13.64,WT,-0.49,D,4.27,Ile37 -Met190 
MRAS-PP1C,,37 ,192 ,19,-27.51,-0.575,-13.755,WT,-0.23,D,3.88,Ile37 -Pro192 
MRAS-PP1C,,39 ,190 ,20,-29.14,-4.075,-14.57,WT,-1.63,D,4.1,Val39 -Met190 
MRAS-PP1C,,47 ,188 ,21,-30.02,-2.2,-15.01,WT,-0.88,DI,4.25,Glu47 -Arg188 
MRAS-PP1C,,48 ,188 ,22,-45.28,-38.15,-22.64,WT,-15.26,DIH,3.81,Asp48 -Arg188 
MRAS-PP1C,,49 ,188 ,23,-47.7,-6.05,-23.85,WT,-2.42,DH,3.92,Ser49 -Arg188 
MRAS-PP1C,,49 ,185 ,24,-47.71,-0.025,-23.855,WT,-0.01,D,4.25,Ser49 -Gln185 
MRAS-PP1C,,50 ,188 ,25,-47.06,1.625,-23.53,WT,0.65,DA,4.23,Tyr50 -Arg188 
MRAS-PP1C,,51 ,181 ,26,-49.2,-5.35,-24.6,WT,-2.14,D,4.08,Leu51 -Gln181 
MRAS-PP1C,,51 ,179 ,27,-50.46,-3.15,-25.23,WT,-1.26,D,4.14,Leu51 -Asp179 
MRAS-PP1C,,51 ,185 ,28,-50,1.15,-25,WT,0.46,D,4.05,Leu51 -Gln185 
MRAS-PP1C,,52 ,179 ,29,-50.56,-1.4,-25.28,WT,-0.56,D,3.96,Lys52 -Asp179 
MRAS-PP1C,,53 ,179 ,30,-62.06,-28.75,-31.03,WT,-11.5,DH,3.75,His53 -Asp179 
MRAS-PP1C,,53 ,178 ,31,-63.23,-2.925,-31.615,WT,-1.17,DA,3.96,His53 -Pro178 
MRAS-PP1C,,53 ,181 ,32,-62.93,0.75,-31.465,WT,0.3,D,4.45,His53 -Gln181 